926
121 282
306 764
221 116
4 85
839 398
813 339
46 708
74 37
765 499
104 60
691 561
334 146
709 777
690 168
71 573
796 656
595 309
49 6
27 15
7 202
240 216
833 847
47 88
14 271
18 292
455 90
444 274
241 325
359 605
114 12
485 252
700 550
654 623
490 621
303 302
588 463
216 338
263 424
400 637
774 269
576 337
17 6
102 98
640 422
362 150
309 257
4 332
349 382
55 54
804 402
396 366
776 598
189 140
169 89
720 202
286 169
570 687
502 575
689 77
129 649
28 284
87 454
159 377
11 150
106 162
600 886
176 857
560 546
825 116
89 216
214 531
191 23
666 79
885 253
205 276
179 33
7 57
425 141
597 772
715 576
236 27
275 232
250 228
243 475
321 567
570 295
819 920
315 650
408 183
50 734
671 563
95 51
151 89
51 90
592 346
575 693
33 39
170 341
295 476
732 217
500 171
20 422
427 411
905 867
5 380
744 395
808 109
248 511
40 193
9 11
816 665
434 838
672 92
701 697
398 614
77 84
439 870
349 300
756 651
715 882
459 275
179 293
557 377
296 20
8 13
479 817
728 58
684 415
700 806
20 46
23 229
9 53
413 261
59 131
213 753
218 157
630 770
453 338
110 866
705 612
657 571
2 1
254 228
724 625
17 246
481 779
75 33
916 922
771 110
559 745
872 683
102 535
351 266
372 14
47 9
340 683
521 899
357 347
901 804
36 510
426 383
177 151
350 164
518 452
321 130
514 603
260 456
194 201
61 37
28 29
5 7
477 564
778 469
737 110
403 241
363 172
286 694
2 343
257 692
164 845
123 112
72 112
401 87
173 157
519 332
19 50
480 130
34 679
10 731
63 33
138 274
536 714
194 208
183 88
148 620
107 104
644 83
157 322
763 505
266 179
140 323
119 178
9 5
115 15
639 384
545 550
838 875
611 29
436 788
196 194
738 17
516 304
285 239
173 409
371 163
26 15
38 171
28 508
113 164
3 44
289 730
652 80
182 827
635 830
638 867
828 379
339 40
324 117
35 59
209 79
631 225
318 284
44 176
428 176
308 212
84 780
137 746
27 170
186 30
843 318
23 463
338 468
206 210
29 299
695 425
160 78
646 747
57 787
481 346
850 194
323 496
25 103
112 407
326 233
464 210
823 474
662 601
447 313
94 75
733 174
83 69
581 299
210 781
249 462
68 273
223 418
797 548
98 517
69 2
856 378
205 82
434 140
913 1
330 10
110 73
446 151
166 449
207 364
591 664
646 118
247 74
53 393
926 822
795 246
11 353
36 629
18 8
25 106
853 193
149 9
627 226
2 156
532 348
628 522
68 352
826 775
72 78
900 741
402 332
462 633
32 291
50 467
173 203
13 70
668 458
44 503
48 32
174 117
279 915
268 2
336 36
168 83
678 108
681 396
152 115
507 187
63 187
697 632
111 10
20 718
834 331
466 794
465 470
39 116
530 198
696 911
70 879
677 100
165 68
196 331
47 93
165 242
297 328
451 191
155 188
383 57
198 432
486 362
918 839
42 287
234 610
287 392
137 394
67 167
523 841
100 56
99 233
791 139
329 441
212 489
280 356
519 590
513 523
323 344
491 435
74 96
69 354
231 124
288 505
748 465
149 696
380 759
749 34
682 524
487 117
19 67
670 349
43 10
798 270
190 136
38 3
829 482
319 158
567 602
751 558
311 473
289 232
347 107
182 623
125 612
270 33
814 438
116 515
82 99
490 259
141 132
121 136
477 545
472 302
411 502
758 152
146 75
39 710
573 757
688 64
727 329
702 848
773 836
222 263
916 400
864 217
89 75
8 12
924 31
860 667
166 105
360 632
405 186
518 533
238 430
429 921
452 306
591 421
119 28
311 750
281 65
333 865
398 699
453 680
766 259
919 415
783 44
600 337
50 82
540 251
380 521
586 154
23 665
450 9
233 415
255 579
891 60
33 253
312 833
142 686
720 889
552 206
818 793
95 568
12 230
283 143
154 206
656 629
308 404
29 366
213 224
868 708
699 861
2 3
395 157
14 9
65 609
636 768
302 260
278 8
370 162
379 81
1 4
314 355
276 802
32 56
264 895
501 402
638 484
776 910
492 168
909 917
115 269
661 78
84 569
225 100
539 198
130 91
155 4
194 241
168 642
389 275
259 445
769 80
7 80
364 822
157 68
188 255
30 45
397 800
893 719
409 483
52 267
788 896
136 474
767 807
527 219
230 811
23 15
438 22
381 420
417 34
77 198
533 583
767 620
383 599
202 498
507 880
374 873
63 139
311 271
21 60
28 547
359 100
59 126
109 14
101 148
9 25
22 5
878 256
85 243
726 144
414 311
68 585
178 651
262 606
534 428
141 653
14 217
133 108
187 536
5 34
624 489
129 484
419 222
165 386
442 379
97 4
388 308
307 184
158 604
871 490
140 35
182 855
89 127
19 1
898 84
702 168
13 41
103 227
207 135
504 698
644 703
96 513
23 72
40 5
228 448
27 512
15 4
257 116
597 306
75 761
364 801
117 51
562 63
559 370
391 157
537 548
10 587
607 754
23 33
815 188
376 365
694 736
805 892
371 712
320 104
346 6
197 56
79 60
91 135
572 216
522 645
840 455
488 45
8 52
436 67
864 923
134 249
161 812
168 306
26 101
461 270
536 912
3 6
223 209
219 179
542 419
265 46
669 602
842 547
782 906
361 90
621 729
214 433
355 884
288 384
32 26
71 38
365 338
497 51
464 596
51 138
735 112
881 341
266 743
374 274
577 725
91 45
704 505
145 41
388 897
12 58
273 329
390 6
105 89
514 123
142 140
505 876
589 439
799 84
163 75
29 37
125 124
709 173
81 235
577 513
240 443
551 214
608 810
401 719
667 510
519 854
8 28
525 135
70 137
658 531
545 902
12 21
215 213
12 35
412 625
268 706
270 348
883 860
421 493
2 143
274 358
565 240
790 649
314 122
42 248
237 28
180 11
228 222
41 144
51 19
793 128
555 509
258 134
57 563
8 16
233 295
566 85
370 598
18 128
594 488
821 735
118 28
233 277
31 26
561 277
909 537
326 478
31 185
252 5
15 20
49 477
175 142
634 203
47 421
849 104
435 458
571 138
618 316
904 701
198 261
733 739
858 275
92 90
742 414
593 46
274 824
643 83
173 239
10 9
431 192
87 32
741 419
368 235
454 721
2 42
151 182
851 311
115 381
451 616
171 194
31 153
66 7
506 420
40 251
371 844
288 105
675 144
205 908
373 61
290 206
578 141
541 450
356 549
163 544
44 298
466 310
756 852
129 104
529 251
553 359
133 259
72 584
105 342
270 887
4 76
16 469
580 291
72 862
546 22
805 460
607 164
345 263
773 282
148 226
30 200
97 184
837 562
588 831
77 69
361 499
6 465
93 400
869 712
198 387
406 87
500 659
272 110
150 635
574 152
775 576
369 107
528 144
223 494
520 86
77 327
626 238
64 2
479 338
399 94
198 760
558 433
300 159
176 335
745 785
313 100
660 200
711 264
2 5
192 819
863 851
134 41
8 5
82 245
238 235
582 117
145 158
56 204
31 122
3 740
472 874
163 543
86 34
857 925
48 120
685 399
375 140
199 64
613 593
526 12
212 196
172 104
30 5
71 121
220 31
663 820
509 118
556 513
147 45
211 153
482 38
484 554
262 423
410 108
337 411
143 232
94 673
617 716
337 18
743 803
429 221
442 617
30 54
601 195
367 215
94 622
792 295
57 108
762 516
1 36
146 832
300 619
609 888
27 65
340 60
132 60
185 495
121 608
771 914
9 62
291 312
325 786
98 68
280 219
213 663
321 615
397 100
279 81
752 229
547 890
636 515
68 43
707 75
45 435
172 305
126 437
98 113
460 2
544 655
237 294
297 64
471 49
310 8
256 234
454 674
259 304
124 103
213 202
630 359
185 846
222 54
537 231
181 143
280 315
12 24
173 195
321 717
317 118
648 342
60 360
91 713
457 784
25 159
416 234
723 168
468 722
244 60
356 538
74 333
522 13
524 411
73 20
107 440
412 251
464 641
192 46
264 251
245 903
504 390
30 161
439 308
122 214
25 154
55 262
755 410
301 10
61 809
859 762
234 228
378 128
